parameters


            Separator Size  &  Balance  &  Imbalance  &  Runtime 

CO9          556               0.868        0.07         13.51(C:0.27)

CQ9          607               0.858        0.111        8.61 (C:0.21)

GE           277               0.799        0.111        1.49 (C:0.3)

NL           325               0.8          0.111        1.64 (0.13)

fome12       0                 1            0            0.86(0.54)

fxm3_16      141               0.994        0.002        2.03(0.74)

fxm4_6       147               0.83         0.08         0.79(0.39)

kent         0                 0.65         0.21         44.5(1.17)

lpl1         324               0.878        0.065        2.12(0.91)

mod2         501               0.81         0.10         1.57(0.73)

pltexpA4_6   176               0.990        0.004        1(0.41)

world        269               0.867        0.111        31.28(0.72)

